D35 SNES MVP
rom_crc32=a27f1c7a
rom_bytes=3145728
core_crc32=3d35ed49
core_bytes=789764
fps=59.922743404
native_rate=32040
sink_rate=44100
pacing=native_pcm_consumption_full_render
mock_backend=0
runs=1987
held=0
video_submitted=1986
video_dupes=0
native_audio_frames=1062349
resampled_enqueued_frames=1462189
output_accepted_frames_including_priming=1467131
priming_silence_frames=5646
write_calls=4148
short_writes=0
eagain_or_zero=0
write_errors=1
software_ring_high_frames=2823
device_queue_min_frames=0
device_queue_max_frames=3310
core_wall_ns=25543873000
core_thread_cpu_ns=23683634000
video_callback_ns=1765510000
audio_callback_ns=1030402000
max_run_ns=29651000
max_video_ns=3021000
pauses=1
snapshot_load_successes=1
snapshot_load_rejections=0
present_count=unavailable_vendor_driver
error=Audio publication failed: File descriptor in bad state
build_version=1.19-focus1
session_id=502-10738153000
phase=finished
checkpoint_kernel_ns=46143803000
session_elapsed_ns=35405655000
audio_space_wait_ns=7297957000
audio_lead_wait_ns=0
diagnostic_ram_write_ns=57654000
max_diagnostic_ram_write_ns=1830000
diagnostic_ram_writes=40
diagnostic_ram_errors=0
audio_cleared_frames=0
audio_remaining_frames=704
audio_worker_cpu_ns=1038019000
audio_max_write_gap_ns=22264000
device_cleared_frames_estimate=0
display_scaled=1990
display_flipped=1990
display_queue_high=2
display_reserve_wait_ns=35947000
display_copy_ns=1528529000
scaler_wall_ns=4578466000
flip_wall_ns=25309219000
display_worker_cpu_ns=1386715000
max_scaler_ns=4768000
max_flip_ns=16564000
active_wall_ns=33188367000
pacing_wait_ns=0
late_calls=14
max_lateness_ns=30982917
audio_backend=native_alsa
pcm_period_frames=128
pcm_buffer_frames=3712
pcm_prime_frames=2823
pcm_playable_frames=0
pcm_state=1
xrun_count=0
pcm_observed_kernel_ns=46076658000
pcm_event_wakes=7653
pcm_fault_poll_timeouts=0
pcm_observations=11802
pcm_playable_min_running_frames=137
pcm_playable_max_running_frames=3390
pcm_admissions=1987
pcm_admission_min_lead_frames=777
pcm_admission_max_lead_frames=2823
pcm_boundary_frames=1946157056
pcm_epoch=2
pcm_epoch_transferred_frames=1308393
pcm_avail_frames=3712
pcm_appl_ptr=1308777
pcm_hw_ptr=1308671
pcm_start_threshold=2823
pcm_prime_transferred_frames=2823
pcm_start_calls=0
pcm_start_races=0
pcm_error_detail=SYNC_OBSERVE errno=77 state=1 queued=0 avail=3712 appl=1308777 hw=1308671 prime_written=2823 start_calls=0 epoch=2 xfer=1308393 trace_errno=0 trace_synced=1 trace_bytes=27869
phase_profile_available=1
phase_profile_samples=139
frame_cost_columns=run,epoch,sampled,wall_ns,cpu_ns,apu_inclusive_cpu_ns,ppu_cpu_ns,audio_wall_ns,video_wall_ns,admission_wall_ns
frame_cost_0=1924,2,0,12083000,11368000,0,0,485000,1133000,2906000
frame_cost_1=1925,2,0,12334000,11564000,0,0,440000,1164000,5213000
frame_cost_2=1926,2,0,12142000,11424000,0,0,468000,1149000,4943000
frame_cost_3=1927,2,0,12192000,11456000,0,0,491000,1172000,2216000
frame_cost_4=1928,2,0,12000000,11300000,0,0,474000,1149000,5089000
frame_cost_5=1929,2,0,12130000,11368000,0,0,441000,1158000,3740000
frame_cost_6=1930,2,0,11944000,11239000,0,0,443000,1159000,5142000
frame_cost_7=1931,2,0,11860000,11171000,0,0,483000,1214000,2445000
frame_cost_8=1932,2,0,12054000,11298000,0,0,483000,1268000,5385000
frame_cost_9=1933,2,0,11590000,10854000,0,0,531000,1166000,5217000
frame_cost_10=1934,2,0,12301000,11508000,0,0,482000,1146000,5686000
frame_cost_11=1935,2,0,12025000,11281000,0,0,497000,1249000,2195000
frame_cost_12=1936,2,0,13751000,11319000,0,0,458000,1126000,5104000
frame_cost_13=1937,2,0,11921000,11226000,0,0,432000,1165000,3540000
frame_cost_14=1938,2,0,12147000,11419000,0,0,476000,1163000,5343000
frame_cost_15=1939,2,0,13476000,12792000,0,0,455000,1107000,2228000
frame_cost_16=1940,2,0,13810000,13100000,0,0,455000,1112000,3795000
frame_cost_17=1941,2,0,14277000,13510000,0,0,467000,1107000,3447000
frame_cost_18=1942,2,0,14272000,13534000,0,0,537000,1107000,2934000
frame_cost_19=1943,2,0,15268000,14005000,0,0,477000,1163000,178000
frame_cost_20=1944,2,1,16248000,15530000,4589000,5741000,453000,1102000,2192000
frame_cost_21=1945,2,0,15552000,14290000,0,0,605000,1105000,703000
frame_cost_22=1946,2,0,14937000,14188000,0,0,496000,1145000,2083000
frame_cost_23=1947,2,0,15581000,14343000,0,0,475000,1110000,176000
frame_cost_24=1948,2,0,17479000,14565000,0,0,2330000,1146000,580000
frame_cost_25=1949,2,0,15806000,14649000,0,0,501000,1116000,174000
frame_cost_26=1950,2,0,15937000,14719000,0,0,498000,1117000,1118000
frame_cost_27=1951,2,0,15961000,14748000,0,0,472000,1170000,180000
frame_cost_28=1952,2,1,18020000,16819000,4529000,6601000,477000,1181000,175000
frame_cost_29=1953,2,0,16426000,15267000,0,0,491000,1158000,184000
frame_cost_30=1954,2,0,16118000,14811000,0,0,478000,1114000,182000
frame_cost_31=1955,2,0,16468000,15241000,0,0,522000,1245000,228000
frame_cost_32=1956,2,0,16503000,15320000,0,0,524000,1109000,181000
frame_cost_33=1957,2,0,16631000,15376000,0,0,484000,1160000,184000
frame_cost_34=1958,2,0,16825000,15615000,0,0,515000,1144000,181000
frame_cost_35=1959,2,0,16597000,15307000,0,0,488000,1165000,180000
frame_cost_36=1960,2,1,18803000,17636000,4681000,7061000,525000,1102000,174000
frame_cost_37=1961,2,0,18759000,15848000,0,0,501000,1167000,181000
frame_cost_38=1962,2,0,16392000,15582000,0,0,471000,779000,180000
frame_cost_39=1963,2,0,17221000,16120000,0,0,508000,782000,158000
frame_cost_40=1964,2,0,16798000,15689000,0,0,486000,745000,155000
frame_cost_41=1965,2,0,17468000,16012000,0,0,508000,1174000,187000
frame_cost_42=1966,2,0,17459000,16272000,0,0,481000,1143000,159000
frame_cost_43=1967,2,0,16967000,15801000,0,0,540000,1294000,174000
frame_cost_44=1968,2,1,19436000,18330000,4617000,7706000,466000,1173000,180000
frame_cost_45=1969,2,0,17412000,16164000,0,0,487000,1162000,221000
frame_cost_46=1970,2,0,17754000,16585000,0,0,495000,1155000,175000
frame_cost_47=1971,2,0,17413000,16126000,0,0,523000,1113000,186000
frame_cost_48=1972,2,0,19587000,16722000,0,0,442000,1153000,184000
frame_cost_49=1973,2,0,17369000,16095000,0,0,574000,1163000,187000
frame_cost_50=1974,2,0,18031000,16732000,0,0,535000,1164000,186000
frame_cost_51=1975,2,0,16949000,16237000,0,0,491000,760000,189000
frame_cost_52=1976,2,1,20637000,19164000,4836000,8359000,440000,1115000,152000
frame_cost_53=1977,2,0,17812000,16601000,0,0,474000,1177000,179000
frame_cost_54=1978,2,0,18265000,17109000,0,0,496000,1110000,175000
frame_cost_55=1979,2,0,18066000,16787000,0,0,476000,1125000,182000
frame_cost_56=1980,2,0,18448000,17259000,0,0,453000,1155000,180000
frame_cost_57=1981,2,0,17920000,16713000,0,0,495000,1180000,179000
frame_cost_58=1982,2,0,18542000,17283000,0,0,506000,1162000,188000
frame_cost_59=1983,2,0,17848000,16723000,0,0,503000,1152000,178000
frame_cost_60=1984,2,1,22771000,19957000,4898000,8904000,474000,1205000,180000
frame_cost_61=1985,2,0,18269000,17047000,0,0,474000,1114000,180000
frame_cost_62=1986,2,0,18176000,17416000,0,0,481000,1116000,609000
frame_cost_63=1987,2,0,29651000,16447000,0,0,12936000,0,334000
focus_profile=1
focus_profile_baseline_stride=64
focus_profile_hot_stride=8
focus_profile_hot_frames=96
focus_profile_wall_trigger_ns=16000000
focus_profile_cpu_trigger_ns=15000000
focus_profile_clock_loop_mean_ns=1209
focus_cost_columns=run,reason,audio_callback_cpu_ns,video_callback_cpu_ns,audio_callbacks,video_callbacks
focus_cost_0=1924,0,0,0,0,0
focus_cost_1=1925,0,0,0,0,0
focus_cost_2=1926,0,0,0,0,0
focus_cost_3=1927,0,0,0,0,0
focus_cost_4=1928,0,0,0,0,0
focus_cost_5=1929,0,0,0,0,0
focus_cost_6=1930,0,0,0,0,0
focus_cost_7=1931,0,0,0,0,0
focus_cost_8=1932,0,0,0,0,0
focus_cost_9=1933,0,0,0,0,0
focus_cost_10=1934,0,0,0,0,0
focus_cost_11=1935,0,0,0,0,0
focus_cost_12=1936,0,0,0,0,0
focus_cost_13=1937,0,0,0,0,0
focus_cost_14=1938,0,0,0,0,0
focus_cost_15=1939,0,0,0,0,0
focus_cost_16=1940,0,0,0,0,0
focus_cost_17=1941,0,0,0,0,0
focus_cost_18=1942,0,0,0,0,0
focus_cost_19=1943,0,0,0,0,0
focus_cost_20=1944,1,168000,775000,2,1
focus_cost_21=1945,0,0,0,0,0
focus_cost_22=1946,0,0,0,0,0
focus_cost_23=1947,0,0,0,0,0
focus_cost_24=1948,0,0,0,0,0
focus_cost_25=1949,0,0,0,0,0
focus_cost_26=1950,0,0,0,0,0
focus_cost_27=1951,0,0,0,0,0
focus_cost_28=1952,2,170000,848000,2,1
focus_cost_29=1953,0,0,0,0,0
focus_cost_30=1954,0,0,0,0,0
focus_cost_31=1955,0,0,0,0,0
focus_cost_32=1956,0,0,0,0,0
focus_cost_33=1957,0,0,0,0,0
focus_cost_34=1958,0,0,0,0,0
focus_cost_35=1959,0,0,0,0,0
focus_cost_36=1960,2,183000,783000,2,1
focus_cost_37=1961,0,0,0,0,0
focus_cost_38=1962,0,0,0,0,0
focus_cost_39=1963,0,0,0,0,0
focus_cost_40=1964,0,0,0,0,0
focus_cost_41=1965,0,0,0,0,0
focus_cost_42=1966,0,0,0,0,0
focus_cost_43=1967,0,0,0,0,0
focus_cost_44=1968,2,169000,847000,2,1
focus_cost_45=1969,0,0,0,0,0
focus_cost_46=1970,0,0,0,0,0
focus_cost_47=1971,0,0,0,0,0
focus_cost_48=1972,0,0,0,0,0
focus_cost_49=1973,0,0,0,0,0
focus_cost_50=1974,0,0,0,0,0
focus_cost_51=1975,0,0,0,0,0
focus_cost_52=1976,2,168000,794000,2,1
focus_cost_53=1977,0,0,0,0,0
focus_cost_54=1978,0,0,0,0,0
focus_cost_55=1979,0,0,0,0,0
focus_cost_56=1980,0,0,0,0,0
focus_cost_57=1981,0,0,0,0,0
focus_cost_58=1982,0,0,0,0,0
focus_cost_59=1983,0,0,0,0,0
focus_cost_60=1984,2,172000,881000,2,1
focus_cost_61=1985,0,0,0,0,0
focus_cost_62=1986,0,0,0,0,0
focus_cost_63=1987,0,0,0,0,0
sample_cost_0=1816,2,1,14039000,13361000,3926000,4351000,462000,1099000,4611000
sample_cost_1=1880,2,1,13766000,13033000,3966000,4073000,413000,1114000,4906000
sample_cost_2=1944,2,1,16248000,15530000,4589000,5741000,453000,1102000,2192000
sample_cost_3=1952,2,1,18020000,16819000,4529000,6601000,477000,1181000,175000
sample_cost_4=1960,2,1,18803000,17636000,4681000,7061000,525000,1102000,174000
sample_cost_5=1968,2,1,19436000,18330000,4617000,7706000,466000,1173000,180000
sample_cost_6=1976,2,1,20637000,19164000,4836000,8359000,440000,1115000,152000
sample_cost_7=1984,2,1,22771000,19957000,4898000,8904000,474000,1205000,180000
core_wall_bin_6ms=7
core_wall_bin_7ms=156
core_wall_bin_8ms=20
core_wall_bin_9ms=116
core_wall_bin_10ms=37
core_wall_bin_11ms=248
core_wall_bin_12ms=384
core_wall_bin_13ms=375
core_wall_bin_14ms=331
core_wall_bin_15ms=158
core_wall_bin_16ms=102
core_wall_bin_17ms=19
core_wall_bin_18ms=24
core_wall_bin_19ms=3
core_wall_bin_20ms=2
core_wall_bin_22ms=1
core_wall_bin_25ms=2
core_wall_bin_27ms=1
core_wall_bin_29ms=1
